$ANSIBLE_VAULT;1.1;AES256
35316339383665626538326365646234353363656331636139326134313863303335303235613433
6239343935623132623634663466373466613330623562340a663637616537626330326337383931
30386461396162303131323834303163313539323166656262303832353237373332303134343462
6533616533353661650a356162663265653461643533623430653761323166343430386337646263
35373965343863663663616261623531626533366631306662386436663265633135383132373733
32393035376336333434653061373335333831643030623636396330373664393238653037373037
33306431646336316334646264653464373139663465333434326163373638363136363333373539
36336538313666383764393964626432636131643866363364323835643664346131623563653362
38376434653962353935643533306263386133316538356232356439353136373961363661373339
39336463653231333766636432633964333235633632313032356266333337663738306531363134
63393139326230633234623337383036396339623465613262643066366330303432663735336234
36626131653435653461383432313634653533626136393361643331356365616435653532623630
66663639633032626435636232633839336662356533646231363932616333343331666534633564
63633365386362616261633262633763373136626234336130646464636463616538656536623066
64666363626639333430303363363130346536616161346565643533316233366466663734623130
31373361373538363730386130316336353865656333343937613335343533306132656465306430
34343666643366386334343131343264376439613763306131613239333132383133626363343038
36626536313838626431376365366233373332646563656236666237646437613163616566383832
65396538623261326639303538373766623732366232396662373062386461666533363363366334
30663766366634316336
